                                                   
                                                 22                                                   67 
                                 27                                                                                   72
                                              23 20 21                                             66 65 68
                              28 25 26                                                                             71 70 73
                                                 24                                                   69
                  32             29                                                                                   74             77
                                                           17                               62                                   
               33 30 31             42         37                                                       82         87             76 75 78
                                                        18 15 16                         61 60 63       
                  34             43 40 41   38 35 36                                                 81 80 83   86 85 88             79
                                                           19                               64                                                                       
                                    44         39                                                       84         89
                                    
                                                                12                    57
                                                               
                                                             13 10 11              56 55 58  
                                                                 
                                                                14                    59
                                                           07                              52
                                                           
                                                        08 05 06                        51 50 53
                                                           
                                                           09                              54
                                                      02                                        47
                                                          
                                                   03 00 01                                  46 45 48 
                                                   
                                                      04                                        49
                                                         
                                                                
